1 2
1 3
1 4
1 5
1 6
1 7
1 8
1 9
1 10
1 11
1 12
1 13
1 14
1 15
1 16
1 17
1 18
1 19
1 20
1 22
1 23
1 24
1 25
1 27
1 28
1 31
1 32
1 33
1 34
1 35
1 37
1 38
1 39
1 43
1 44
1 49
1 51
1 57
1 58
1 59
1 60
1 62
1 63
1 64
1 65
1 66
1 68
1 69
1 71
1 72
1 73
1 78
1 79
1 80
1 81
1 82
1 83
1 84
1 85
1 86
1 87
1 88
1 89
1 90
1 91
1 92
1 93
1 102
1 103
1 111
1 112
1 125
1 126
1 127
1 130
1 131
1 132
1 133
1 134
1 135
1 136
1 137
1 138
1 140
1 141
1 142
1 177
1 178
1 179
1 180
1 181
1 182
1 184
1 185
1 187
1 188
1 189
1 192
2 2
2 3
2 4
2 5
2 6
2 7
2 8
2 9
2 10
2 11
2 12
2 13
2 14
2 15
2 16
2 17
2 18
2 19
2 20
2 21
2 22
2 23
2 24
2 25
2 26
2 27
2 30
2 31
2 32
2 33
2 34
2 35
2 36
2 37
2 38
2 39
2 43
2 44
2 49
2 51
2 52
2 57
2 58
2 59
2 60
2 62
2 63
2 64
2 65
2 66
2 67
2 68
2 69
2 70
2 71
2 72
2 73
2 77
2 78
2 79
2 80
2 81
2 82
2 84
2 85
2 86
2 87
2 88
2 89
2 90
2 91
2 92
2 93
2 102
2 103
2 111
2 112
2 113
2 115
2 122
2 125
2 126
2 127
2 129
2 130
2 131
2 132
2 133
2 134
2 135
2 136
2 137
2 138
2 140
2 141
2 142
2 146
2 156
2 157
2 161
2 177
2 178
2 179
2 180
2 181
2 182
2 184
2 185
2 186
2 187
2 188
2 189
2 190
2 192
3 2
3 3
3 4
3 5
3 6
3 7
3 9
3 10
3 11
3 12
3 13
3 14
3 15
3 16
3 18
3 19
3 20
3 22
3 23
3 24
3 25
3 26
3 27
3 28
3 31
3 32
3 33
3 34
3 35
3 36
3 37
3 38
3 39
3 43
3 44
3 49
3 51
3 57
3 58
3 59
3 60
3 62
3 63
3 64
3 65
3 66
3 67
3 68
3 69
3 71
3 72
3 73
3 79
3 80
3 81
3 82
3 83
3 84
3 86
3 87
3 88
3 89
3 90
3 91
3 92
3 93
3 102
3 103
3 111
3 112
3 122
3 125
3 126
3 127
3 129
3 130
3 131
3 132
3 133
3 134
3 135
3 136
3 137
3 138
3 140
3 141
3 142
3 146
3 152
3 177
3 178
3 179
3 180
3 181
3 182
3 183
3 184
3 185
3 187
3 188
3 189
3 190
3 192
4 2
4 3
4 4
4 5
4 6
4 7
4 8
4 9
4 10
4 11
4 12
4 13
4 14
4 15
4 16
4 17
4 18
4 19
4 20
4 21
4 22
4 23
4 24
4 25
4 26
4 27
4 28
4 30
4 31
4 32
4 33
4 34
4 35
4 36
4 37
4 38
4 39
4 42
4 43
4 44
4 49
4 51
4 52
4 53
4 57
4 58
4 59
4 60
4 61
4 62
4 63
4 64
4 65
4 66
4 67
4 68
4 69
4 70
4 71
4 72
4 73
4 75
4 78
4 79
4 80
4 81
4 82
4 83
4 84
4 85
4 86
4 87
4 88
4 89
4 90
4 91
4 92
4 93
4 102
4 103
4 107
4 108
4 111
4 112
4 113
4 115
4 117
4 121
4 122
4 125
4 126
4 127
4 128
4 129
4 130
4 131
4 132
4 133
4 134
4 135
4 136
4 137
4 138
4 139
4 140
4 141
4 142
4 152
4 153
4 157
4 165
4 166
4 169
4 174
4 177
4 178
4 179
4 180
4 181
4 182
4 183
4 184
4 185
4 186
4 187
4 188
4 189
4 190
4 191
4 192
5 2
5 3
5 4
5 5
5 6
5 7
5 8
5 9
5 10
5 11
5 12
5 13
5 14
5 15
5 16
5 17
5 18
5 19
5 20
5 21
5 22
5 23
5 24
5 25
5 26
5 27
5 28
5 30
5 31
5 32
5 33
5 34
5 35
5 36
5 37
5 38
5 39
5 42
5 43
5 44
5 45
5 46
5 48
5 49
5 51
5 52
5 54
5 55
5 57
5 58
5 59
5 60
5 61
5 62
5 63
5 64
5 65
5 66
5 67
5 68
5 69
5 71
5 72
5 73
5 75
5 77
5 78
5 79
5 80
5 81
5 82
5 83
5 84
5 85
5 86
5 87
5 88
5 89
5 90
5 91
5 92
5 93
5 102
5 103
5 111
5 112
5 113
5 115
5 121
5 122
5 125
5 126
5 127
5 129
5 130
5 131
5 132
5 133
5 134
5 135
5 136
5 137
5 138
5 140
5 141
5 142
5 146
5 149
5 156
5 157
5 160
5 166
5 177
5 178
5 179
5 180
5 181
5 182
5 184
5 185
5 186
5 187
5 188
5 189
5 190
5 192
6 2
6 3
6 4
6 5
6 6
6 7
6 8
6 9
6 10
6 11
6 12
6 13
6 14
6 15
6 16
6 17
6 18
6 19
6 20
6 21
6 22
6 23
6 24
6 25
6 26
6 27
6 28
6 30
6 31
6 32
6 33
6 34
6 35
6 36
6 37
6 38
6 39
6 40
6 42
6 43
6 44
6 45
6 46
6 49
6 51
6 52
6 53
6 54
6 55
6 57
6 58
6 59
6 60
6 61
6 62
6 63
6 64
6 65
6 66
6 67
6 68
6 69
6 70
6 71
6 72
6 73
6 75
6 77
6 78
6 79
6 80
6 81
6 82
6 83
6 84
6 85
6 86
6 87
6 88
6 89
6 90
6 91
6 92
6 93
6 99
6 100
6 102
6 103
6 108
6 111
6 112
6 113
6 115
6 120
6 121
6 122
6 123
6 124
6 125
6 126
6 127
6 128
6 129
6 130
6 131
6 132
6 133
6 134
6 135
6 136
6 137
6 138
6 139
6 140
6 141
6 142
6 145
6 146
6 148
6 149
6 151
6 152
6 153
6 154
6 155
6 156
6 157
6 160
6 163
6 166
6 174
6 175
6 177
6 178
6 179
6 180
6 181
6 182
6 183
6 184
6 185
6 186
6 187
6 188
6 189
6 190
6 191
6 192
6 193
7 2
7 3
7 4
7 5
7 6
7 7
7 8
7 9
7 10
7 11
7 12
7 13
7 14
7 15
7 16
7 17
7 18
7 19
7 20
7 21
7 22
7 23
7 24
7 25
7 26
7 27
7 28
7 30
7 31
7 32
7 33
7 34
7 35
7 36
7 37
7 38
7 39
7 43
7 44
7 47
7 49
7 51
7 52
7 57
7 58
7 59
7 60
7 61
7 62
7 63
7 64
7 65
7 66
7 67
7 68
7 69
7 70
7 71
7 72
7 73
7 75
7 77
7 78
7 79
7 80
7 81
7 82
7 83
7 84
7 85
7 86
7 87
7 88
7 89
7 90
7 91
7 92
7 93
7 102
7 103
7 107
7 111
7 112
7 115
7 122
7 125
7 126
7 127
7 129
7 130
7 131
7 132
7 133
7 134
7 135
7 136
7 137
7 138
7 139
7 140
7 141
7 142
7 145
7 146
7 149
7 152
7 153
7 157
7 160
7 165
7 174
7 177
7 178
7 179
7 180
7 181
7 182
7 183
7 184
7 185
7 186
7 187
7 188
7 189
7 190
8 2
8 3
8 4
8 5
8 6
8 9
8 10
8 11
8 12
8 13
8 14
8 15
8 18
8 19
8 22
8 23
8 24
8 25
8 27
8 31
8 32
8 33
8 34
8 35
8 36
8 37
8 43
8 49
8 59
8 60
8 62
8 63
8 65
8 66
8 67
8 68
8 69
8 71
8 73
8 80
8 81
8 82
8 84
8 85
8 86
8 87
8 88
8 90
8 91
8 92
8 93
8 103
8 111
8 112
8 126
8 127
8 128
8 129
8 132
8 133
8 134
8 135
8 137
8 138
8 140
8 141
8 142
8 159
8 177
8 178
8 179
8 184
8 185
8 187
8 188
8 189
9 2
9 3
9 4
9 5
9 6
9 7
9 8
9 9
9 10
9 11
9 12
9 13
9 14
9 15
9 16
9 17
9 18
9 19
9 20
9 21
9 22
9 23
9 24
9 25
9 26
9 27
9 28
9 29
9 30
9 31
9 32
9 33
9 34
9 35
9 36
9 37
9 38
9 39
9 40
9 42
9 43
9 44
9 45
9 46
9 49
9 51
9 52
9 53
9 57
9 58
9 59
9 60
9 61
9 62
9 63
9 64
9 65
9 66
9 67
9 68
9 69
9 70
9 71
9 72
9 73
9 77
9 78
9 79
9 80
9 81
9 82
9 83
9 84
9 85
9 86
9 87
9 88
9 89
9 90
9 91
9 92
9 93
9 100
9 102
9 103
9 107
9 111
9 112
9 115
9 122
9 123
9 125
9 126
9 127
9 128
9 129
9 130
9 131
9 132
9 133
9 134
9 135
9 136
9 137
9 138
9 139
9 140
9 141
9 142
9 145
9 146
9 149
9 151
9 152
9 153
9 154
9 156
9 157
9 160
9 163
9 166
9 167
9 177
9 178
9 179
9 180
9 181
9 182
9 183
9 184
9 185
9 186
9 187
9 188
9 189
9 190
9 192
9 193
10 2
10 3
10 4
10 6
10 10
10 11
10 12
10 14
10 15
10 18
10 19
10 22
10 23
10 25
10 27
10 31
10 32
10 33
10 34
10 43
10 51
10 57
10 59
10 62
10 63
10 65
10 66
10 68
10 69
10 73
10 78
10 80
10 81
10 82
10 84
10 86
10 90
10 92
10 102
10 111
10 112
10 126
10 127
10 130
10 131
10 132
10 133
10 134
10 135
10 137
10 138
10 140
10 141
10 142
10 177
10 178
10 179
10 180
10 182
10 184
10 185
10 187
10 188
10 189
11 2
11 3
11 4
11 5
11 6
11 7
11 8
11 9
11 10
11 11
11 12
11 13
11 14
11 15
11 16
11 17
11 18
11 19
11 20
11 22
11 23
11 24
11 25
11 26
11 27
11 28
11 30
11 31
11 32
11 33
11 34
11 35
11 36
11 37
11 38
11 39
11 43
11 44
11 46
11 49
11 51
11 52
11 54
11 57
11 58
11 59
11 60
11 61
11 62
11 63
11 64
11 65
11 66
11 67
11 68
11 69
11 71
11 72
11 73
11 74
11 75
11 78
11 79
11 80
11 81
11 82
11 83
11 84
11 85
11 86
11 87
11 88
11 89
11 90
11 91
11 92
11 93
11 102
11 103
11 111
11 112
11 115
11 121
11 122
11 125
11 126
11 127
11 129
11 130
11 131
11 132
11 133
11 134
11 135
11 136
11 137
11 138
11 139
11 140
11 141
11 142
11 146
11 152
11 157
11 166
11 177
11 178
11 179
11 180
11 181
11 182
11 184
11 185
11 186
11 187
11 188
11 189
11 190
11 192
11 193
12 2
12 3
12 4
12 5
12 6
12 7
12 8
12 9
12 10
12 11
12 12
12 13
12 14
12 15
12 16
12 18
12 19
12 20
12 22
12 23
12 24
12 25
12 26
12 27
12 28
12 30
12 31
12 32
12 33
12 34
12 35
12 36
12 37
12 39
12 43
12 44
12 46
12 49
12 51
12 52
12 57
12 58
12 59
12 60
12 61
12 62
12 63
12 64
12 65
12 66
12 67
12 68
12 69
12 71
12 72
12 73
12 78
12 79
12 80
12 81
12 82
12 83
12 84
12 85
12 86
12 87
12 88
12 89
12 90
12 91
12 92
12 93
12 102
12 103
12 111
12 112
12 126
12 127
12 129
12 130
12 131
12 132
12 133
12 134
12 135
12 136
12 137
12 138
12 140
12 141
12 142
12 153
12 157
12 166
12 177
12 178
12 179
12 180
12 181
12 182
12 184
12 185
12 187
12 188
12 189
12 190
13 2
13 3
13 4
13 5
13 6
13 7
13 8
13 9
13 10
13 11
13 12
13 13
13 14
13 15
13 16
13 17
13 18
13 19
13 20
13 21
13 22
13 23
13 24
13 25
13 26
13 27
13 28
13 29
13 30
13 31
13 32
13 33
13 34
13 35
13 36
13 37
13 38
13 39
13 40
13 41
13 42
13 43
13 44
13 45
13 46
13 47
13 49
13 50
13 51
13 52
13 53
13 54
13 55
13 57
13 58
13 59
13 60
13 61
13 62
13 63
13 64
13 65
13 66
13 67
13 68
13 69
13 70
13 71
13 72
13 73
13 75
13 76
13 77
13 78
13 79
13 80
13 81
13 82
13 83
13 84
13 85
13 86
13 87
13 88
13 89
13 90
13 91
13 92
13 93
13 96
13 97
13 100
13 101
13 102
13 103
13 104
13 105
13 106
13 107
13 108
13 109
13 110
13 111
13 112
13 113
13 115
13 116
13 117
13 119
13 121
13 122
13 123
13 124
13 125
13 126
13 127
13 128
13 129
13 130
13 131
13 132
13 133
13 134
13 135
13 136
13 137
13 138
13 139
13 140
13 141
13 142
13 143
13 145
13 146
13 147
13 148
13 149
13 150
13 151
13 152
13 153
13 154
13 155
13 156
13 157
13 158
13 159
13 160
13 161
13 162
13 163
13 165
13 166
13 167
13 169
13 170
13 173
13 174
13 175
13 176
13 177
13 178
13 179
13 180
13 181
13 182
13 183
13 184
13 185
13 186
13 187
13 188
13 189
13 190
13 191
13 192
13 193
14 2
14 3
14 4
14 5
14 6
14 7
14 8
14 9
14 10
14 11
14 12
14 13
14 14
14 15
14 16
14 18
14 19
14 20
14 22
14 23
14 25
14 27
14 28
14 31
14 32
14 33
14 34
14 35
14 36
14 37
14 39
14 43
14 44
14 46
14 49
14 51
14 57
14 58
14 59
14 60
14 61
14 62
14 63
14 64
14 65
14 66
14 67
14 68
14 69
14 71
14 72
14 73
14 78
14 79
14 80
14 81
14 82
14 83
14 84
14 85
14 86
14 87
14 88
14 89
14 90
14 91
14 92
14 93
14 100
14 102
14 103
14 111
14 112
14 125
14 126
14 127
14 129
14 130
14 131
14 132
14 133
14 134
14 135
14 136
14 137
14 138
14 139
14 140
14 141
14 142
14 177
14 178
14 179
14 180
14 181
14 182
14 183
14 184
14 185
14 186
14 187
14 188
14 189
14 190
15 2
15 3
15 4
15 5
15 6
15 7
15 8
15 9
15 10
15 11
15 12
15 13
15 14
15 15
15 16
15 17
15 18
15 19
15 20
15 21
15 22
15 23
15 24
15 25
15 27
15 28
15 30
15 31
15 32
15 33
15 34
15 35
15 36
15 37
15 38
15 39
15 40
15 43
15 44
15 49
15 51
15 52
15 53
15 57
15 58
15 59
15 60
15 61
15 62
15 63
15 64
15 65
15 66
15 67
15 68
15 69
15 70
15 71
15 72
15 73
15 78
15 79
15 80
15 81
15 82
15 83
15 84
15 85
15 86
15 87
15 88
15 89
15 90
15 91
15 92
15 93
15 102
15 103
15 111
15 112
15 115
15 122
15 125
15 126
15 127
15 129
15 130
15 131
15 132
15 133
15 134
15 135
15 136
15 137
15 138
15 140
15 141
15 142
15 146
15 151
15 152
15 157
15 166
15 177
15 178
15 179
15 180
15 181
15 182
15 183
15 184
15 185
15 186
15 187
15 188
15 189
15 190
15 192
15 193
16 2
16 3
16 4
16 6
16 7
16 8
16 9
16 10
16 11
16 12
16 13
16 14
16 15
16 16
16 17
16 18
16 19
16 20
16 22
16 23
16 24
16 25
16 26
16 27
16 31
16 32
16 33
16 34
16 35
16 36
16 37
16 38
16 39
16 40
16 43
16 44
16 49
16 51
16 57
16 58
16 59
16 60
16 61
16 62
16 63
16 64
16 65
16 66
16 67
16 68
16 69
16 72
16 73
16 79
16 80
16 81
16 82
16 83
16 84
16 85
16 86
16 87
16 88
16 90
16 91
16 92
16 93
16 102
16 103
16 104
16 111
16 112
16 122
16 126
16 127
16 128
16 129
16 130
16 131
16 132
16 133
16 134
16 135
16 136
16 137
16 138
16 139
16 140
16 141
16 142
16 176
16 177
16 178
16 179
16 180
16 181
16 182
16 184
16 185
16 186
16 187
16 188
16 189
16 190
17 2
17 3
17 4
17 5
17 6
17 7
17 8
17 9
17 10
17 11
17 12
17 13
17 14
17 15
17 16
17 18
17 19
17 20
17 22
17 23
17 24
17 25
17 27
17 28
17 31
17 32
17 33
17 34
17 35
17 36
17 37
17 39
17 43
17 49
17 51
17 57
17 58
17 59
17 60
17 62
17 63
17 64
17 65
17 66
17 67
17 68
17 69
17 70
17 71
17 72
17 73
17 78
17 79
17 80
17 81
17 82
17 83
17 84
17 85
17 86
17 88
17 90
17 91
17 92
17 93
17 102
17 111
17 112
17 122
17 126
17 127
17 130
17 131
17 132
17 133
17 134
17 135
17 136
17 137
17 138
17 140
17 141
17 142
17 146
17 177
17 178
17 179
17 180
17 181
17 182
17 184
17 185
17 186
17 187
17 188
17 189
17 190
18 2
18 3
18 4
18 5
18 6
18 7
18 8
18 9
18 10
18 11
18 12
18 13
18 14
18 15
18 16
18 17
18 18
18 19
18 20
18 21
18 22
18 23
18 24
18 25
18 26
18 27
18 28
18 29
18 30
18 31
18 32
18 33
18 34
18 35
18 36
18 37
18 38
18 39
18 40
18 42
18 43
18 44
18 45
18 46
18 49
18 50
18 51
18 52
18 53
18 54
18 55
18 57
18 58
18 59
18 60
18 61
18 62
18 63
18 64
18 65
18 66
18 67
18 68
18 69
18 70
18 71
18 72
18 73
18 75
18 76
18 77
18 78
18 79
18 80
18 81
18 82
18 83
18 84
18 85
18 86
18 87
18 88
18 89
18 90
18 91
18 92
18 93
18 100
18 102
18 103
18 105
18 107
18 111
18 112
18 113
18 114
18 115
18 116
18 119
18 121
18 122
18 124
18 125
18 126
18 127
18 128
18 129
18 130
18 131
18 132
18 133
18 134
18 135
18 136
18 137
18 138
18 139
18 140
18 141
18 142
18 145
18 146
18 148
18 149
18 150
18 151
18 152
18 153
18 154
18 156
18 157
18 159
18 160
18 161
18 163
18 166
18 167
18 168
18 169
18 174
18 175
18 176
18 177
18 178
18 179
18 180
18 181
18 182
18 183
18 184
18 185
18 186
18 187
18 188
18 189
18 190
18 191
18 192
18 193
19 2
19 3
19 4
19 5
19 6
19 7
19 8
19 9
19 10
19 11
19 12
19 13
19 14
19 15
19 16
19 18
19 19
19 20
19 22
19 23
19 24
19 25
19 26
19 27
19 28
19 30
19 31
19 32
19 33
19 34
19 35
19 36
19 37
19 38
19 39
19 43
19 44
19 47
19 49
19 51
19 57
19 58
19 59
19 60
19 62
19 63
19 64
19 65
19 66
19 68
19 69
19 71
19 72
19 73
19 78
19 79
19 80
19 81
19 82
19 83
19 84
19 86
19 87
19 88
19 89
19 90
19 91
19 92
19 93
19 102
19 103
19 104
19 111
19 112
19 125
19 126
19 127
19 129
19 130
19 131
19 132
19 133
19 134
19 135
19 136
19 137
19 138
19 139
19 140
19 141
19 142
19 146
19 147
19 149
19 152
19 166
19 177
19 178
19 179
19 180
19 181
19 182
19 184
19 185
19 187
19 188
19 189
19 190
19 192
20 1
20 2
20 3
20 4
20 5
20 6
20 7
20 8
20 9
20 10
20 11
20 12
20 13
20 14
20 15
20 16
20 17
20 18
20 19
20 20
20 21
20 22
20 23
20 24
20 25
20 26
20 27
20 28
20 29
20 30
20 31
20 32
20 33
20 34
20 35
20 36
20 37
20 38
20 39
20 40
20 41
20 43
20 44
20 45
20 47
20 48
20 49
20 51
20 52
20 53
20 54
20 56
20 57
20 58
20 59
20 60
20 61
20 62
20 63
20 64
20 65
20 66
20 67
20 68
20 69
20 70
20 71
20 72
20 73
20 75
20 77
20 78
20 79
20 80
20 81
20 82
20 83
20 84
20 85
20 86
20 87
20 88
20 89
20 90
20 91
20 92
20 93
20 94
20 95
20 97
20 98
20 99
20 100
20 102
20 103
20 105
20 108
20 109
20 111
20 112
20 113
20 115
20 116
20 117
20 118
20 121
20 122
20 125
20 126
20 127
20 128
20 129
20 130
20 131
20 132
20 133
20 134
20 135
20 136
20 137
20 138
20 139
20 140
20 141
20 142
20 144
20 145
20 146
20 147
20 148
20 149
20 150
20 153
20 154
20 156
20 157
20 158
20 160
20 161
20 162
20 163
20 164
20 165
20 166
20 169
20 170
20 171
20 172
20 174
20 175
20 176
20 177
20 178
20 179
20 180
20 181
20 182
20 183
20 184
20 185
20 186
20 187
20 188
20 189
20 190
20 191
20 193
21 2
21 3
21 4
21 10
21 11
21 12
21 13
21 14
21 18
21 22
21 23
21 25
21 27
21 28
21 31
21 32
21 33
21 38
21 59
21 62
21 65
21 69
21 79
21 80
21 81
21 82
21 86
21 87
21 90
21 91
21 111
21 112
21 125
21 126
21 132
21 137
21 138
21 141
21 177
21 179
21 182
21 184
21 185
21 187
21 189
22 2
22 3
22 4
22 5
22 6
22 7
22 8
22 9
22 10
22 11
22 12
22 13
22 14
22 15
22 16
22 17
22 18
22 19
22 22
22 23
22 24
22 25
22 26
22 27
22 28
22 29
22 30
22 31
22 32
22 33
22 34
22 35
22 36
22 37
22 38
22 39
22 42
22 43
22 44
22 46
22 47
22 49
22 51
22 52
22 53
22 55
22 57
22 58
22 59
22 60
22 62
22 63
22 64
22 65
22 66
22 67
22 68
22 69
22 70
22 71
22 72
22 73
22 75
22 77
22 78
22 79
22 80
22 81
22 82
22 83
22 84
22 85
22 86
22 87
22 88
22 89
22 90
22 91
22 92
22 93
22 97
22 100
22 102
22 103
22 104
22 107
22 111
22 112
22 115
22 121
22 122
22 125
22 126
22 127
22 129
22 130
22 131
22 132
22 133
22 134
22 135
22 136
22 137
22 138
22 139
22 140
22 141
22 142
22 146
22 149
22 156
22 160
22 164
22 166
22 170
22 171
22 174
22 177
22 178
22 179
22 180
22 181
22 182
22 184
22 185
22 187
22 188
22 189
22 190
22 192
22 193
23 2
23 3
23 4
23 5
23 6
23 7
23 8
23 9
23 10
23 11
23 12
23 13
23 14
23 15
23 16
23 17
23 18
23 19
23 20
23 21
23 22
23 23
23 24
23 25
23 26
23 27
23 28
23 30
23 31
23 32
23 33
23 34
23 35
23 36
23 37
23 38
23 39
23 42
23 43
23 44
23 45
23 46
23 47
23 49
23 51
23 52
23 53
23 55
23 57
23 58
23 59
23 60
23 61
23 62
23 63
23 64
23 65
23 66
23 67
23 68
23 69
23 70
23 71
23 72
23 73
23 75
23 76
23 77
23 78
23 79
23 80
23 81
23 82
23 83
23 84
23 85
23 86
23 87
23 88
23 89
23 90
23 91
23 92
23 93
23 95
23 97
23 100
23 102
23 103
23 107
23 111
23 112
23 113
23 115
23 121
23 122
23 125
23 126
23 127
23 129
23 130
23 131
23 132
23 133
23 134
23 135
23 136
23 137
23 138
23 139
23 140
23 141
23 142
23 145
23 146
23 149
23 151
23 152
23 153
23 156
23 157
23 161
23 163
23 166
23 171
23 174
23 176
23 177
23 178
23 179
23 180
23 181
23 182
23 183
23 184
23 185
23 186
23 187
23 188
23 189
23 190
23 191
23 192
23 193
24 2
24 3
24 4
24 5
24 6
24 7
24 8
24 9
24 10
24 11
24 12
24 13
24 14
24 15
24 16
24 17
24 18
24 19
24 20
24 22
24 23
24 24
24 25
24 27
24 28
24 30
24 31
24 32
24 33
24 34
24 35
24 36
24 37
24 39
24 43
24 44
24 46
24 47
24 49
24 51
24 52
24 57
24 58
24 59
24 60
24 61
24 62
24 63
24 64
24 65
24 66
24 67
24 68
24 69
24 71
24 72
24 73
24 75
24 77
24 79
24 80
24 81
24 82
24 83
24 84
24 85
24 86
24 87
24 88
24 89
24 90
24 91
24 92
24 93
24 102
24 103
24 111
24 112
24 125
24 126
24 127
24 129
24 131
24 132
24 133
24 134
24 135
24 136
24 137
24 138
24 139
24 140
24 141
24 142
24 146
24 157
24 177
24 178
24 179
24 180
24 181
24 182
24 184
24 185
24 187
24 188
24 189
24 190
24 192
25 2
25 3
25 4
25 5
25 6
25 7
25 8
25 9
25 10
25 11
25 12
25 13
25 14
25 15
25 16
25 18
25 19
25 20
25 21
25 22
25 23
25 24
25 25
25 26
25 27
25 28
25 30
25 31
25 32
25 33
25 34
25 35
25 36
25 37
25 38
25 39
25 43
25 44
25 46
25 47
25 49
25 51
25 57
25 58
25 59
25 60
25 61
25 62
25 63
25 64
25 65
25 66
25 67
25 68
25 69
25 70
25 71
25 72
25 73
25 75
25 78
25 79
25 80
25 81
25 82
25 83
25 84
25 86
25 87
25 88
25 89
25 90
25 91
25 92
25 93
25 97
25 102
25 103
25 111
25 112
25 122
25 125
25 126
25 127
25 129
25 130
25 131
25 132
25 133
25 134
25 135
25 136
25 137
25 138
25 139
25 140
25 141
25 142
25 146
25 147
25 156
25 165
25 166
25 174
25 177
25 178
25 179
25 180
25 181
25 182
25 184
25 185
25 187
25 188
25 189
25 190
25 192
26 2
26 3
26 4
26 5
26 6
26 7
26 8
26 9
26 10
26 11
26 12
26 13
26 14
26 15
26 16
26 17
26 18
26 19
26 22
26 23
26 24
26 25
26 26
26 27
26 28
26 30
26 31
26 32
26 33
26 34
26 35
26 36
26 37
26 38
26 39
26 43
26 44
26 46
26 47
26 49
26 52
26 57
26 58
26 59
26 60
26 61
26 62
26 63
26 64
26 65
26 66
26 67
26 68
26 69
26 70
26 71
26 72
26 73
26 75
26 77
26 78
26 79
26 80
26 81
26 82
26 83
26 84
26 85
26 86
26 87
26 88
26 89
26 90
26 91
26 92
26 93
26 102
26 103
26 107
26 108
26 111
26 112
26 113
26 115
26 122
26 125
26 126
26 127
26 129
26 130
26 131
26 132
26 133
26 134
26 135
26 136
26 137
26 138
26 139
26 140
26 141
26 142
26 146
26 149
26 156
26 161
26 166
26 177
26 178
26 179
26 180
26 181
26 182
26 183
26 184
26 185
26 187
26 188
26 189
26 190
26 191
26 192
27 2
27 3
27 4
27 5
27 6
27 8
27 9
27 10
27 11
27 12
27 13
27 14
27 15
27 16
27 17
27 18
27 19
27 20
27 22
27 23
27 24
27 25
27 26
27 27
27 30
27 31
27 32
27 33
27 34
27 35
27 36
27 37
27 38
27 39
27 43
27 44
27 49
27 51
27 52
27 57
27 58
27 59
27 60
27 61
27 62
27 63
27 64
27 65
27 66
27 67
27 68
27 69
27 70
27 71
27 72
27 73
27 78
27 79
27 80
27 81
27 82
27 83
27 84
27 85
27 86
27 87
27 88
27 89
27 90
27 91
27 92
27 93
27 102
27 103
27 111
27 112
27 115
27 122
27 123
27 125
27 126
27 127
27 129
27 130
27 131
27 132
27 133
27 134
27 135
27 136
27 137
27 138
27 139
27 140
27 141
27 142
27 146
27 174
27 177
27 178
27 179
27 180
27 181
27 182
27 184
27 185
27 187
27 188
27 189
27 190
28 2
28 3
28 4
28 5
28 6
28 7
28 8
28 9
28 10
28 11
28 12
28 13
28 14
28 15
28 16
28 17
28 18
28 19
28 20
28 21
28 22
28 23
28 24
28 25
28 26
28 27
28 28
28 29
28 30
28 31
28 32
28 33
28 34
28 35
28 36
28 37
28 38
28 39
28 40
28 42
28 43
28 44
28 49
28 51
28 52
28 53
28 57
28 58
28 59
28 60
28 61
28 62
28 63
28 64
28 65
28 66
28 67
28 68
28 69
28 70
28 71
28 72
28 73
28 75
28 76
28 77
28 78
28 79
28 80
28 81
28 82
28 83
28 84
28 85
28 86
28 87
28 88
28 89
28 90
28 91
28 92
28 93
28 102
28 103
28 110
28 111
28 112
28 115
28 121
28 122
28 123
28 125
28 126
28 127
28 128
28 129
28 130
28 131
28 132
28 133
28 134
28 135
28 136
28 137
28 138
28 139
28 140
28 141
28 142
28 145
28 146
28 149
28 152
28 153
28 155
28 156
28 157
28 161
28 165
28 166
28 173
28 176
28 177
28 178
28 179
28 180
28 181
28 182
28 183
28 184
28 185
28 186
28 187
28 188
28 189
28 190
28 191
28 192
29 2
29 3
29 4
29 5
29 6
29 7
29 8
29 9
29 10
29 11
29 12
29 13
29 14
29 15
29 16
29 18
29 19
29 20
29 22
29 23
29 24
29 25
29 27
29 28
29 30
29 31
29 32
29 33
29 34
29 35
29 36
29 37
29 38
29 39
29 43
29 44
29 51
29 52
29 57
29 58
29 59
29 60
29 62
29 63
29 64
29 65
29 66
29 67
29 68
29 69
29 71
29 72
29 73
29 77
29 78
29 79
29 80
29 81
29 82
29 83
29 84
29 85
29 86
29 87
29 88
29 89
29 90
29 91
29 92
29 93
29 102
29 103
29 111
29 112
29 115
29 122
29 125
29 126
29 127
29 129
29 130
29 131
29 132
29 133
29 134
29 135
29 136
29 137
29 138
29 139
29 140
29 141
29 142
29 146
29 177
29 178
29 179
29 180
29 181
29 182
29 184
29 185
29 186
29 187
29 188
29 189
29 190
30 2
30 3
30 4
30 5
30 6
30 7
30 8
30 9
30 10
30 11
30 12
30 13
30 14
30 15
30 16
30 17
30 18
30 19
30 20
30 21
30 22
30 23
30 24
30 25
30 26
30 27
30 28
30 30
30 31
30 32
30 33
30 34
30 35
30 36
30 37
30 38
30 39
30 42
30 43
30 44
30 49
30 51
30 52
30 53
30 57
30 58
30 59
30 60
30 61
30 62
30 63
30 64
30 65
30 66
30 67
30 68
30 69
30 70
30 71
30 72
30 73
30 77
30 78
30 79
30 80
30 81
30 82
30 83
30 84
30 85
30 86
30 87
30 88
30 89
30 90
30 91
30 92
30 93
30 102
30 103
30 111
30 112
30 115
30 125
30 126
30 127
30 128
30 129
30 130
30 131
30 132
30 133
30 134
30 135
30 136
30 137
30 138
30 139
30 140
30 141
30 142
30 146
30 157
30 166
30 177
30 178
30 179
30 180
30 181
30 182
30 184
30 185
30 186
30 187
30 188
30 189
30 190
30 192
31 2
31 3
31 4
31 5
31 6
31 7
31 8
31 9
31 10
31 11
31 12
31 13
31 14
31 15
31 17
31 18
31 19
31 20
31 21
31 22
31 23
31 24
31 25
31 27
31 30
31 31
31 32
31 33
31 34
31 35
31 36
31 37
31 43
31 44
31 49
31 51
31 57
31 58
31 59
31 60
31 61
31 62
31 63
31 65
31 66
31 67
31 68
31 69
31 70
31 71
31 72
31 73
31 77
31 78
31 79
31 80
31 81
31 82
31 83
31 84
31 85
31 86
31 87
31 88
31 89
31 90
31 91
31 92
31 93
31 102
31 103
31 111
31 112
31 122
31 125
31 126
31 127
31 129
31 131
31 132
31 133
31 134
31 135
31 136
31 137
31 138
31 140
31 141
31 142
31 146
31 149
31 177
31 178
31 179
31 180
31 181
31 182
31 184
31 185
31 186
31 187
31 188
31 189
31 190
31 192
32 2
32 3
32 4
32 5
32 6
32 7
32 8
32 9
32 10
32 11
32 12
32 13
32 14
32 15
32 16
32 17
32 18
32 19
32 20
32 21
32 22
32 23
32 24
32 25
32 26
32 27
32 30
32 31
32 32
32 33
32 34
32 35
32 36
32 37
32 38
32 39
32 42
32 43
32 44
32 49
32 51
32 52
32 55
32 57
32 58
32 59
32 60
32 62
32 63
32 64
32 65
32 66
32 67
32 68
32 69
32 70
32 71
32 72
32 73
32 77
32 78
32 79
32 80
32 81
32 82
32 83
32 84
32 85
32 86
32 87
32 88
32 89
32 90
32 91
32 92
32 93
32 95
32 102
32 103
32 111
32 112
32 115
32 116
32 121
32 122
32 125
32 126
32 127
32 129
32 130
32 131
32 132
32 133
32 134
32 135
32 136
32 137
32 138
32 139
32 140
32 141
32 142
32 146
32 154
32 157
32 160
32 161
32 163
32 166
32 174
32 177
32 178
32 179
32 180
32 181
32 182
32 184
32 185
32 186
32 187
32 188
32 189
32 190
32 191
33 2
33 3
33 4
33 5
33 6
33 7
33 8
33 9
33 10
33 11
33 12
33 13
33 14
33 15
33 16
33 18
33 19
33 20
33 21
33 22
33 23
33 24
33 25
33 26
33 27
33 28
33 30
33 31
33 32
33 33
33 34
33 35
33 36
33 37
33 38
33 39
33 42
33 43
33 44
33 49
33 51
33 52
33 57
33 58
33 59
33 60
33 61
33 62
33 63
33 64
33 65
33 66
33 67
33 68
33 69
33 71
33 72
33 73
33 77
33 78
33 79
33 80
33 81
33 82
33 83
33 84
33 85
33 86
33 87
33 88
33 89
33 90
33 91
33 92
33 93
33 95
33 102
33 103
33 111
33 112
33 115
33 122
33 125
33 126
33 127
33 128
33 129
33 130
33 131
33 132
33 133
33 134
33 135
33 136
33 137
33 138
33 139
33 140
33 141
33 142
33 146
33 149
33 152
33 174
33 177
33 178
33 179
33 180
33 181
33 182
33 184
33 185
33 186
33 187
33 188
33 189
33 190
34 4
34 6
34 7
34 12
34 20
34 25
34 27
34 31
34 51
34 63
34 65
34 69
34 73
34 80
34 140
34 142
34 177
34 184
34 185
34 189
35 2
35 3
35 6
35 11
35 12
35 22
35 23
35 25
35 32
35 63
35 69
35 73
35 127
35 138
35 140
35 146
35 172
35 178
35 184
36 2
36 3
36 4
36 5
36 6
36 7
36 8
36 9
36 10
36 11
36 12
36 13
36 14
36 15
36 16
36 17
36 18
36 19
36 20
36 21
36 22
36 23
36 24
36 25
36 26
36 27
36 28
36 29
36 30
36 31
36 32
36 33
36 34
36 35
36 36
36 37
36 38
36 39
36 40
36 42
36 43
36 44
36 49
36 51
36 52
36 53
36 54
36 56
36 57
36 58
36 59
36 60
36 61
36 62
36 63
36 64
36 65
36 66
36 67
36 68
36 69
36 70
36 71
36 72
36 73
36 75
36 78
36 79
36 80
36 81
36 82
36 83
36 84
36 85
36 86
36 87
36 88
36 89
36 90
36 91
36 92
36 93
36 95
36 102
36 103
36 105
36 107
36 108
36 109
36 111
36 112
36 115
36 120
36 121
36 125
36 126
36 127
36 128
36 129
36 130
36 131
36 132
36 133
36 134
36 135
36 136
36 137
36 138
36 139
36 140
36 141
36 142
36 143
36 146
36 148
36 149
36 151
36 152
36 153
36 156
36 157
36 160
36 161
36 166
36 169
36 170
36 175
36 176
36 177
36 178
36 179
36 180
36 181
36 182
36 183
36 184
36 185
36 186
36 187
36 188
36 189
36 190
36 191
36 192
36 193
37 2
37 3
37 4
37 5
37 6
37 7
37 8
37 9
37 10
37 11
37 12
37 13
37 14
37 15
37 16
37 17
37 18
37 19
37 20
37 21
37 22
37 23
37 24
37 25
37 26
37 27
37 28
37 30
37 31
37 32
37 33
37 34
37 35
37 36
37 37
37 38
37 39
37 40
37 42
37 43
37 44
37 46
37 49
37 51
37 52
37 56
37 57
37 58
37 59
37 60
37 61
37 62
37 63
37 64
37 65
37 66
37 67
37 68
37 69
37 70
37 71
37 72
37 73
37 78
37 79
37 80
37 81
37 82
37 83
37 84
37 85
37 86
37 87
37 88
37 89
37 90
37 91
37 92
37 93
37 95
37 102
37 103
37 111
37 112
37 115
37 119
37 122
37 125
37 126
37 127
37 128
37 129
37 130
37 131
37 132
37 133
37 134
37 135
37 136
37 137
37 138
37 139
37 140
37 141
37 142
37 146
37 149
37 153
37 157
37 166
37 174
37 176
37 177
37 178
37 179
37 180
37 181
37 182
37 184
37 185
37 186
37 187
37 188
37 189
37 190
38 2
38 3
38 4
38 5
38 6
38 8
38 9
38 10
38 11
38 12
38 13
38 14
38 15
38 16
38 18
38 19
38 20
38 22
38 23
38 24
38 25
38 27
38 28
38 30
38 31
38 32
38 33
38 34
38 35
38 36
38 37
38 38
38 39
38 43
38 44
38 51
38 57
38 58
38 59
38 60
38 62
38 63
38 64
38 65
38 66
38 67
38 68
38 69
38 70
38 71
38 72
38 73
38 78
38 79
38 80
38 81
38 82
38 83
38 84
38 85
38 86
38 87
38 88
38 89
38 90
38 91
38 93
38 103
38 111
38 112
38 125
38 126
38 127
38 129
38 131
38 132
38 133
38 134
38 135
38 136
38 137
38 138
38 140
38 141
38 142
38 177
38 178
38 179
38 180
38 181
38 182
38 183
38 184
38 185
38 187
38 188
38 189
38 190
39 2
39 3
39 4
39 5
39 6
39 7
39 8
39 9
39 10
39 11
39 12
39 13
39 14
39 15
39 16
39 18
39 19
39 20
39 21
39 22
39 23
39 24
39 25
39 26
39 27
39 28
39 30
39 31
39 32
39 33
39 34
39 35
39 36
39 37
39 38
39 39
39 42
39 43
39 44
39 49
39 51
39 52
39 54
39 57
39 58
39 59
39 60
39 61
39 62
39 63
39 64
39 65
39 66
39 67
39 68
39 69
39 70
39 71
39 72
39 73
39 78
39 79
39 80
39 81
39 82
39 83
39 84
39 85
39 86
39 87
39 88
39 89
39 90
39 91
39 92
39 93
39 102
39 103
39 111
39 112
39 115
39 125
39 126
39 127
39 128
39 129
39 130
39 131
39 132
39 133
39 134
39 135
39 136
39 137
39 138
39 139
39 140
39 141
39 142
39 146
39 148
39 149
39 153
39 174
39 177
39 178
39 179
39 180
39 181
39 182
39 184
39 185
39 186
39 187
39 188
39 189
39 190
40 2
40 3
40 4
40 5
40 6
40 7
40 8
40 9
40 10
40 11
40 12
40 13
40 14
40 15
40 16
40 18
40 19
40 20
40 22
40 23
40 24
40 25
40 26
40 27
40 28
40 31
40 32
40 33
40 34
40 35
40 37
40 38
40 39
40 43
40 44
40 49
40 51
40 52
40 57
40 58
40 59
40 60
40 62
40 63
40 64
40 65
40 66
40 67
40 68
40 69
40 71
40 72
40 73
40 78
40 79
40 80
40 81
40 82
40 83
40 84
40 85
40 86
40 87
40 88
40 89
40 90
40 91
40 92
40 93
40 102
40 103
40 111
40 112
40 115
40 125
40 126
40 127
40 128
40 129
40 130
40 131
40 132
40 133
40 134
40 135
40 136
40 137
40 138
40 139
40 140
40 141
40 142
40 147
40 149
40 157
40 161
40 177
40 178
40 179
40 180
40 181
40 182
40 184
40 185
40 187
40 188
40 189
40 190
40 192
41 2
41 3
41 4
41 5
41 6
41 7
41 8
41 9
41 10
41 11
41 12
41 13
41 14
41 15
41 16
41 18
41 19
41 20
41 21
41 22
41 23
41 24
41 25
41 26
41 27
41 28
41 30
41 31
41 32
41 33
41 34
41 35
41 36
41 37
41 38
41 39
41 40
41 43
41 44
41 46
41 49
41 51
41 52
41 54
41 57
41 58
41 59
41 60
41 61
41 62
41 63
41 64
41 65
41 66
41 67
41 68
41 69
41 70
41 71
41 72
41 73
41 78
41 79
41 80
41 81
41 82
41 83
41 84
41 85
41 86
41 87
41 88
41 89
41 90
41 91
41 92
41 93
41 100
41 102
41 103
41 111
41 112
41 115
41 125
41 126
41 127
41 128
41 129
41 130
41 131
41 132
41 133
41 134
41 135
41 136
41 137
41 138
41 139
41 140
41 141
41 142
41 146
41 147
41 149
41 157
41 159
41 176
41 177
41 178
41 179
41 180
41 181
41 182
41 183
41 184
41 185
41 186
41 187
41 188
41 189
41 190
42 2
42 3
42 4
42 5
42 6
42 9
42 10
42 11
42 12
42 13
42 14
42 15
42 16
42 18
42 19
42 20
42 21
42 22
42 23
42 24
42 25
42 26
42 27
42 28
42 30
42 31
42 32
42 33
42 34
42 35
42 36
42 37
42 38
42 39
42 43
42 44
42 49
42 51
42 57
42 58
42 59
42 60
42 62
42 63
42 64
42 65
42 66
42 67
42 68
42 69
42 71
42 72
42 73
42 78
42 79
42 80
42 81
42 82
42 84
42 86
42 87
42 88
42 89
42 90
42 91
42 92
42 93
42 102
42 111
42 112
42 115
42 123
42 125
42 126
42 127
42 129
42 130
42 131
42 132
42 133
42 134
42 135
42 136
42 137
42 138
42 139
42 140
42 141
42 142
42 167
42 177
42 178
42 179
42 180
42 181
42 182
42 184
42 185
42 187
42 188
42 189
43 2
43 3
43 4
43 6
43 11
43 12
43 19
43 22
43 23
43 25
43 27
43 31
43 33
43 34
43 57
43 62
43 63
43 65
43 69
43 84
43 86
43 90
43 103
43 111
43 112
43 125
43 126
43 133
43 134
43 135
43 137
43 138
43 140
43 141
43 142
43 177
43 178
43 184
43 185
43 189
44 4
44 11
44 12
44 25
44 69
44 86
44 138
44 141
44 189
45 2
45 3
45 4
45 5
45 6
45 9
45 10
45 11
45 12
45 13
45 14
45 15
45 16
45 18
45 19
45 22
45 23
45 25
45 27
45 28
45 31
45 32
45 33
45 34
45 36
45 37
45 38
45 43
45 44
45 49
45 51
45 58
45 59
45 60
45 62
45 63
45 64
45 65
45 66
45 68
45 69
45 72
45 73
45 79
45 80
45 81
45 82
45 84
45 86
45 87
45 90
45 93
45 103
45 111
45 112
45 126
45 129
45 131
45 132
45 133
45 134
45 135
45 136
45 137
45 138
45 140
45 141
45 142
45 160
45 177
45 178
45 179
45 181
45 182
45 184
45 185
45 187
45 189
45 190
46 2
46 3
46 4
46 6
46 10
46 11
46 12
46 14
46 22
46 23
46 25
46 27
46 31
46 32
46 33
46 34
46 43
46 51
46 59
46 60
46 62
46 63
46 65
46 66
46 68
46 69
46 84
46 86
46 87
46 88
46 90
46 111
46 126
46 127
46 129
46 132
46 134
46 135
46 138
46 140
46 141
46 142
46 177
46 178
46 179
46 181
46 184
46 185
46 189
47 2
47 3
47 4
47 11
47 13
47 19
47 22
47 23
47 31
47 60
47 63
47 69
47 84
47 86
47 138
47 140
47 141
47 178
47 184
47 185
47 189
48 2
48 3
48 4
48 11
48 16
48 22
48 23
48 27
48 31
48 32
48 33
48 69
48 90
48 126
48 134
48 138
48 178
48 184
48 185
48 189
49 11
49 178
50 3
50 6
50 11
50 13
50 23
50 59
50 65
50 79
50 132
50 135
50 178
50 189
51 3
51 6
51 11
51 12
51 14
51 23
51 25
51 27
51 31
51 33
51 57
51 59
51 62
51 63
51 69
51 82
51 86
51 88
51 90
51 112
51 135
51 138
51 178
51 179
51 184
51 189
52 3
52 11
52 28
52 132
53 3
53 4
53 11
53 23
53 62
53 69
53 138
53 178
53 184
53 189
54 2
54 3
54 11
54 14
54 16
54 23
54 33
54 63
54 65
54 66
54 90
54 132
54 138
54 178
54 189
55 2
55 3
55 4
55 11
55 12
55 14
55 23
55 25
55 27
55 33
55 38
55 57
55 59
55 65
55 69
55 73
55 81
55 84
55 86
55 111
55 132
55 138
55 140
55 178
55 179
55 184
55 185
55 189
56 3
56 11
56 23
56 132
57 3
57 11
57 13
57 28
57 189
58 2
58 3
58 4
58 6
58 11
58 23
58 27
58 59
58 140
58 187
58 189
59 2
59 3
59 11
59 23
59 138
59 189
60 3
60 6
60 11
60 69
60 178
60 183
60 189
61 2
61 3
61 4
61 11
61 12
61 14
61 22
61 23
61 33
61 43
61 57
61 59
61 65
61 134
61 138
61 178
61 179
61 189
62 2
62 3
62 11
62 12
62 13
62 14
62 23
62 25
62 33
62 59
62 63
62 65
62 127
62 132
62 135
62 136
62 138
62 178
62 185
62 189
63 2
63 3
63 4
63 6
63 11
63 12
63 13
63 14
63 15
63 18
63 19
63 22
63 23
63 24
63 25
63 27
63 28
63 31
63 32
63 33
63 34
63 35
63 57
63 58
63 59
63 60
63 62
63 63
63 65
63 66
63 67
63 68
63 69
63 73
63 80
63 81
63 82
63 84
63 86
63 90
63 102
63 111
63 132
63 133
63 134
63 135
63 136
63 137
63 138
63 140
63 141
63 142
63 178
63 179
63 182
63 184
63 185
63 189
64 2
64 3
64 4
64 5
64 6
64 9
64 10
64 11
64 12
64 13
64 14
64 15
64 18
64 19
64 21
64 22
64 23
64 24
64 25
64 27
64 28
64 31
64 32
64 33
64 34
64 37
64 38
64 43
64 44
64 49
64 51
64 57
64 59
64 60
64 62
64 63
64 64
64 65
64 68
64 69
64 73
64 78
64 79
64 80
64 81
64 82
64 83
64 84
64 86
64 87
64 88
64 89
64 90
64 91
64 93
64 111
64 112
64 115
64 125
64 126
64 127
64 130
64 131
64 132
64 133
64 134
64 135
64 136
64 137
64 138
64 139
64 140
64 141
64 142
64 177
64 178
64 179
64 180
64 182
64 184
64 185
64 187
64 188
64 189
65 3
66 3
67 2
67 3
67 4
67 11
67 12
67 13
67 22
67 23
67 27
67 33
67 59
67 60
67 63
67 65
67 84
67 113
67 134
67 138
67 178
67 184
67 189
68 3
68 11
68 57
68 84
68 138
69 2
69 5
69 6
69 7
69 9
69 10
69 11
69 12
69 14
69 15
69 18
69 19
69 22
69 23
69 31
69 33
69 38
69 43
69 57
69 60
69 62
69 63
69 65
69 66
69 67
69 69
69 71
69 72
69 78
69 80
69 84
69 86
69 90
69 91
69 93
69 125
69 126
69 132
69 133
69 134
69 135
69 137
69 138
69 140
69 177
69 179
69 184
69 185
69 188
69 189
70 3
70 11
70 13
70 184
71 3
71 4
71 11
71 22
71 23
71 27
71 62
71 178
71 184
71 189
72 2
72 3
72 4
72 5
72 6
72 7
72 8
72 9
72 10
72 11
72 12
72 13
72 14
72 15
72 18
72 19
72 22
72 23
72 24
72 25
72 26
72 27
72 28
72 29
72 31
72 32
72 33
72 34
72 36
72 37
72 38
72 43
72 44
72 46
72 47
72 49
72 51
72 52
72 57
72 58
72 59
72 60
72 62
72 63
72 64
72 65
72 66
72 67
72 68
72 69
72 71
72 72
72 78
72 79
72 80
72 81
72 82
72 84
72 86
72 87
72 88
72 90
72 92
72 93
72 102
72 111
72 112
72 115
72 125
72 126
72 127
72 129
72 130
72 131
72 132
72 133
72 134
72 135
72 136
72 137
72 138
72 139
72 140
72 141
72 142
72 146
72 147
72 177
72 178
72 179
72 180
72 182
72 184
72 185
72 187
72 188
72 189
72 192
73 2
73 3
73 4
73 11
73 23
73 138
73 178
73 179
74 3
74 11
74 23
74 27
74 178
74 184
75 3
75 11
75 23
76 2
76 3
76 4
76 8
76 10
76 11
76 12
76 13
76 14
76 15
76 18
76 22
76 23
76 24
76 25
76 27
76 28
76 31
76 32
76 33
76 34
76 35
76 37
76 46
76 47
76 49
76 51
76 52
76 57
76 59
76 62
76 63
76 65
76 66
76 67
76 68
76 69
76 72
76 77
76 81
76 84
76 86
76 87
76 90
76 111
76 126
76 127
76 132
76 133
76 134
76 135
76 136
76 138
76 140
76 142
76 146
76 166
76 178
76 179
76 181
76 182
76 184
76 185
76 187
76 188
76 189
77 11
78 3
78 11
78 178
79 3
79 11
79 23
79 65
79 137
79 189
80 2
80 3
80 6
80 7
80 11
80 12
80 13
80 14
80 22
80 23
80 25
80 31
80 59
80 62
80 63
80 65
80 68
80 69
80 80
80 81
80 86
80 88
80 112
80 126
80 128
80 134
80 135
80 136
80 138
80 140
80 177
80 178
80 179
80 184
80 185
80 187
80 189
81 136
82 11
83 2
83 3
83 4
83 5
83 6
83 9
83 10
83 11
83 12
83 13
83 14
83 15
83 18
83 22
83 23
83 24
83 25
83 27
83 31
83 32
83 33
83 34
83 36
83 37
83 44
83 58
83 59
83 62
83 63
83 64
83 65
83 68
83 69
83 72
83 73
83 79
83 80
83 83
83 84
83 85
83 86
83 88
83 89
83 90
83 91
83 111
83 112
83 115
83 126
83 127
83 130
83 131
83 132
83 133
83 134
83 135
83 136
83 137
83 138
83 140
83 141
83 142
83 147
83 177
83 178
83 179
83 181
83 184
83 185
83 189
83 192
84 2
84 3
84 11
84 22
84 23
84 27
84 62
84 69
84 73
84 86
84 90
84 134
84 138
84 142
84 178
84 184
84 189
85 2
85 3
85 4
85 6
85 11
85 12
85 13
85 14
85 23
85 33
85 65
85 84
85 126
85 134
85 138
85 178
85 189
86 3
86 11
87 3
87 11
88 3
88 11
88 23
88 27
88 62
88 137
88 138
88 178
88 184
89 3
89 11
90 192
91 2
91 3
91 6
91 10
91 11
91 12
91 13
91 14
91 23
91 27
91 31
91 32
91 39
91 59
91 62
91 63
91 65
91 69
91 80
91 84
91 86
91 89
91 111
91 125
91 126
91 133
91 134
91 135
91 136
91 137
91 138
91 140
91 142
91 178
91 180
91 184
91 187
91 188
91 189
91 192
92 3
92 4
92 11
92 23
92 65
93 3
93 11
93 73
93 178
94 3
94 11
95 2
95 3
95 11
95 23
95 34
95 59
95 65
95 102
95 137
95 138
96 2
96 3
96 4
96 5
96 6
96 7
96 9
96 10
96 11
96 12
96 13
96 14
96 15
96 16
96 17
96 18
96 19
96 20
96 21
96 22
96 23
96 24
96 25
96 26
96 27
96 28
96 31
96 32
96 33
96 34
96 35
96 36
96 37
96 38
96 39
96 43
96 44
96 46
96 49
96 51
96 57
96 59
96 60
96 61
96 62
96 63
96 64
96 65
96 66
96 67
96 68
96 69
96 70
96 71
96 72
96 73
96 78
96 79
96 80
96 81
96 82
96 84
96 85
96 86
96 87
96 88
96 89
96 90
96 91
96 92
96 93
96 102
96 111
96 112
96 115
96 125
96 126
96 127
96 129
96 130
96 132
96 133
96 134
96 135
96 136
96 137
96 138
96 139
96 140
96 141
96 142
96 177
96 178
96 179
96 180
96 181
96 182
96 184
96 185
96 187
96 188
96 189
97 133
98 2
98 3
98 4
98 11
98 12
98 14
98 15
98 24
98 27
98 31
98 32
98 33
98 34
98 37
98 53
98 57
98 59
98 62
98 66
98 68
98 69
98 71
98 81
98 84
98 119
98 132
98 133
98 134
98 137
98 138
98 142
98 149
98 159
98 178
98 184
98 185
98 191
99 136
100 2
100 4
100 11
100 14
100 19
100 25
100 34
100 37
100 42
100 43
100 52
100 59
100 62
100 63
100 68
100 69
100 84
100 89
100 95
100 116
100 121
100 126
100 129
100 132
100 133
100 138
100 142
100 175
100 179
100 187
100 190
101 3
101 4
101 11
101 12
101 31
101 51
101 64
101 69
101 132
101 134
101 140
101 146
101 166
101 185
102 4
102 6
102 11
102 12
102 42
102 52
102 59
102 80
102 132
103 3
103 6
103 11
103 12
103 13
103 23
103 25
103 31
103 59
103 63
103 86
103 138
103 140
103 178
103 184
104 2
104 4
104 8
104 11
104 15
104 23
104 25
104 27
104 34
104 37
104 42
104 51
104 52
104 63
104 65
104 69
104 84
104 85
104 86
104 87
104 95
104 97
104 103
104 116
104 123
104 127
104 132
104 138
104 140
104 168
104 175
104 189
104 190
105 4
105 25
105 63
105 84
105 132
105 133
105 138
106 2
106 3
106 4
106 11
106 14
106 15
106 22
106 23
106 25
106 27
106 31
106 32
106 33
106 37
106 39
106 43
106 46
106 57
106 58
106 59
106 60
106 62
106 63
106 65
106 66
106 69
106 81
106 84
106 86
106 90
106 111
106 132
106 133
106 138
106 140
106 142
106 177
106 179
106 184
106 185
106 187
106 188
106 189
106 192
107 2
107 3
107 4
107 5
107 6
107 10
107 11
107 12
107 13
107 14
107 15
107 19
107 21
107 22
107 23
107 25
107 26
107 27
107 31
107 32
107 33
107 34
107 35
107 37
107 46
107 49
107 51
107 58
107 59
107 60
107 62
107 63
107 64
107 65
107 66
107 68
107 69
107 72
107 73
107 79
107 81
107 84
107 86
107 87
107 88
107 90
107 91
107 102
107 111
107 126
107 132
107 133
107 134
107 135
107 136
107 138
107 140
107 141
107 142
107 177
107 178
107 179
107 180
107 181
107 182
107 183
107 184
107 185
107 187
107 188
107 189
108 4
108 11
108 185
109 2
109 3
109 4
109 5
109 6
109 7
109 9
109 10
109 11
109 12
109 13
109 14
109 15
109 19
109 22
109 23
109 24
109 25
109 27
109 31
109 32
109 33
109 34
109 35
109 37
109 43
109 44
109 49
109 52
109 53
109 57
109 58
109 59
109 60
109 61
109 62
109 63
109 65
109 66
109 67
109 68
109 69
109 73
109 75
109 80
109 81
109 84
109 86
109 89
109 90
109 93
109 102
109 111
109 112
109 122
109 123
109 126
109 127
109 129
109 131
109 132
109 133
109 134
109 135
109 138
109 140
109 141
109 142
109 149
109 177
109 178
109 179
109 181
109 184
109 185
109 187
109 188
109 189
109 192
110 2
110 3
110 4
110 11
110 12
110 13
110 14
110 19
110 23
110 25
110 27
110 31
110 32
110 33
110 34
110 43
110 51
110 52
110 55
110 59
110 62
110 66
110 67
110 68
110 69
110 71
110 82
110 84
110 86
110 90
110 93
110 102
110 107
110 111
110 126
110 132
110 133
110 134
110 135
110 136
110 138
110 140
110 141
110 142
110 146
110 157
110 178
110 185
110 187
110 189
111 2
111 3
111 4
111 5
111 6
111 7
111 8
111 9
111 10
111 11
111 12
111 13
111 14
111 15
111 16
111 17
111 18
111 19
111 20
111 21
111 22
111 23
111 24
111 25
111 27
111 28
111 30
111 31
111 32
111 33
111 34
111 35
111 36
111 37
111 38
111 39
111 42
111 43
111 46
111 49
111 51
111 52
111 57
111 58
111 59
111 60
111 61
111 62
111 63
111 64
111 65
111 66
111 67
111 68
111 69
111 71
111 72
111 73
111 78
111 79
111 80
111 81
111 82
111 83
111 84
111 85
111 86
111 87
111 88
111 89
111 90
111 91
111 92
111 93
111 102
111 103
111 111
111 112
111 114
111 115
111 116
111 122
111 125
111 126
111 127
111 129
111 130
111 131
111 132
111 133
111 134
111 135
111 136
111 137
111 138
111 139
111 140
111 141
111 142
111 146
111 152
111 157
111 173
111 177
111 178
111 179
111 180
111 181
111 182
111 184
111 185
111 186
111 187
111 188
111 189
111 190
111 191
111 192
111 193
112 2
112 3
112 4
112 6
112 7
112 11
112 12
112 14
112 18
112 25
112 27
112 31
112 33
112 35
112 57
112 59
112 62
112 63
112 65
112 69
112 71
112 72
112 73
112 84
112 86
112 90
112 111
112 127
112 134
112 138
112 140
112 142
112 177
112 178
112 185
112 188
112 189
113 2
113 3
113 4
113 11
113 14
113 15
113 19
113 33
113 34
113 68
113 84
113 138
113 189
114 3
114 4
114 11
114 19
114 27
114 31
114 33
114 62
114 69
114 86
114 90
114 126
114 185
114 189
115 2
115 3
115 4
115 6
115 9
115 11
115 12
115 14
115 22
115 23
115 27
115 31
115 32
115 34
115 37
115 57
115 62
115 63
115 66
115 67
115 68
115 69
115 71
115 84
115 86
115 90
115 93
115 111
115 126
115 132
115 133
115 134
115 135
115 138
115 139
115 140
115 141
115 142
115 178
115 180
115 182
115 184
115 185
115 188
115 189
115 192
116 2
116 3
116 4
116 5
116 6
116 7
116 8
116 9
116 10
116 11
116 12
116 14
116 15
116 16
116 17
116 18
116 19
116 20
116 22
116 23
116 24
116 25
116 26
116 27
116 30
116 31
116 32
116 33
116 34
116 35
116 36
116 37
116 39
116 51
116 57
116 58
116 59
116 62
116 63
116 65
116 66
116 67
116 68
116 69
116 71
116 72
116 73
116 79
116 80
116 81
116 82
116 84
116 86
116 87
116 88
116 90
116 92
116 93
116 102
116 103
116 111
116 112
116 126
116 127
116 131
116 132
116 133
116 134
116 135
116 136
116 137
116 138
116 140
116 141
116 142
116 177
116 178
116 179
116 181
116 182
116 184
116 185
116 187
116 188
116 189
116 193
117 2
117 3
117 4
117 6
117 7
117 11
117 12
117 22
117 23
117 25
117 27
117 31
117 32
117 33
117 34
117 60
117 62
117 63
117 65
117 66
117 69
117 73
117 84
117 85
117 86
117 90
117 112
117 126
117 132
117 134
117 135
117 136
117 138
117 139
117 140
117 141
117 142
117 177
117 178
117 181
117 182
117 184
117 185
117 187
117 189
118 2
118 3
118 4
118 8
118 11
118 12
118 15
118 31
118 32
118 69
118 72
118 80
118 84
118 90
118 102
118 138
118 142
118 182
118 185
118 189
119 2
119 3
119 8
119 11
119 12
119 23
119 27
119 31
119 32
119 69
119 73
119 90
119 132
119 138
119 142
119 178
119 189
120 2
120 3
120 4
120 11
120 27
120 63
120 69
120 79
120 84
120 134
120 178
120 189
121 2
121 3
121 4
121 11
121 12
121 14
121 73
121 80
121 189
122 2
122 3
122 9
122 11
122 12
122 19
122 23
122 31
122 57
122 69
122 138
122 140
122 141
122 177
122 185
122 187
122 189
123 2
123 3
123 4
123 11
123 12
123 15
123 25
123 27
123 63
123 68
123 69
123 84
123 86
123 90
123 111
123 134
123 138
123 178
123 185
123 187
123 189
124 2
124 3
124 4
124 5
124 6
124 7
124 8
124 10
124 11
124 12
124 13
124 14
124 15
124 18
124 19
124 20
124 22
124 23
124 25
124 27
124 28
124 31
124 32
124 33
124 34
124 35
124 39
124 40
124 43
124 44
124 51
124 57
124 59
124 62
124 63
124 65
124 66
124 67
124 68
124 69
124 72
124 73
124 79
124 80
124 81
124 82
124 84
124 85
124 86
124 87
124 90
124 92
124 111
124 112
124 125
124 126
124 130
124 131
124 132
124 133
124 134
124 135
124 136
124 137
124 138
124 140
124 141
124 142
124 177
124 178
124 179
124 180
124 182
124 183
124 184
124 185
124 187
124 188
124 189
125 2
125 3
125 4
125 6
125 8
125 11
125 12
125 14
125 15
125 18
125 19
125 22
125 23
125 25
125 27
125 31
125 32
125 33
125 34
125 43
125 59
125 62
125 63
125 65
125 66
125 68
125 69
125 73
125 79
125 80
125 83
125 84
125 86
125 87
125 90
125 93
125 112
125 126
125 127
125 131
125 134
125 135
125 138
125 140
125 141
125 142
125 177
125 178
125 182
125 184
125 185
125 187
125 189
126 2
126 3
126 4
126 5
126 6
126 11
126 12
126 13
126 14
126 15
126 18
126 19
126 22
126 23
126 25
126 27
126 31
126 32
126 33
126 34
126 35
126 36
126 39
126 59
126 62
126 63
126 65
126 66
126 68
126 69
126 72
126 73
126 79
126 81
126 84
126 86
126 90
126 93
126 111
126 126
126 127
126 130
126 134
126 138
126 141
126 142
126 177
126 178
126 179
126 180
126 182
126 184
126 185
126 187
126 189
127 2
127 3
127 11
127 12
127 15
127 25
127 27
127 31
127 35
127 39
127 63
127 65
127 68
127 69
127 84
127 86
127 87
127 89
127 90
127 134
127 138
127 140
127 142
127 178
127 182
127 184
127 185
127 189
128 2
128 3
128 4
128 6
128 8
128 11
128 12
128 13
128 15
128 18
128 22
128 23
128 31
128 33
128 34
128 35
128 51
128 58
128 59
128 63
128 65
128 66
128 68
128 69
128 73
128 79
128 84
128 86
128 88
128 89
128 93
128 126
128 127
128 138
128 140
128 178
128 184
128 187
128 188
128 189
129 2
129 3
129 4
129 9
129 11
129 12
129 15
129 18
129 19
129 33
129 35
129 36
129 43
129 57
129 68
129 69
129 90
129 131
129 132
129 135
129 142
129 182
129 187
129 189
130 11
130 27
130 32
130 57
130 63
130 90
130 127
130 185
130 187
131 2
131 3
131 4
131 5
131 6
131 7
131 8
131 10
131 11
131 12
131 13
131 14
131 15
131 16
131 18
131 19
131 22
131 23
131 25
131 27
131 30
131 31
131 32
131 33
131 34
131 37
131 43
131 51
131 59
131 62
131 63
131 64
131 65
131 66
131 67
131 68
131 69
131 72
131 73
131 78
131 79
131 80
131 81
131 82
131 84
131 85
131 86
131 87
131 90
131 92
131 93
131 102
131 111
131 112
131 126
131 127
131 129
131 130
131 131
131 132
131 133
131 134
131 135
131 136
131 137
131 138
131 140
131 141
131 142
131 177
131 178
131 179
131 180
131 182
131 184
131 185
131 186
131 187
131 188
131 189
132 2
132 3
132 4
132 6
132 11
132 12
132 14
132 15
132 19
132 22
132 25
132 27
132 31
132 37
132 62
132 63
132 65
132 66
132 69
132 86
132 90
132 91
132 102
132 111
132 132
132 133
132 134
132 138
132 140
132 141
132 142
132 178
132 182
132 184
132 185
132 188
132 189
133 2
133 3
133 4
133 5
133 6
133 7
133 9
133 10
133 11
133 12
133 13
133 14
133 15
133 19
133 22
133 23
133 24
133 25
133 26
133 27
133 31
133 32
133 33
133 34
133 35
133 37
133 39
133 43
133 46
133 49
133 52
133 55
133 57
133 58
133 59
133 62
133 63
133 65
133 66
133 67
133 68
133 69
133 72
133 79
133 80
133 81
133 82
133 84
133 86
133 88
133 90
133 91
133 92
133 102
133 111
133 126
133 127
133 130
133 132
133 133
133 134
133 135
133 136
133 137
133 138
133 140
133 141
133 142
133 146
133 147
133 157
133 158
133 167
133 177
133 178
133 179
133 180
133 181
133 184
133 185
133 187
133 188
133 189
133 192
134 2
134 3
134 5
134 10
134 11
134 12
134 13
134 22
134 25
134 27
134 31
134 34
134 37
134 60
134 62
134 63
134 64
134 68
134 69
134 81
134 82
134 84
134 86
134 87
134 90
134 103
134 111
134 112
134 125
134 134
134 138
134 141
134 167
134 177
134 179
134 182
134 184
134 185
134 189
135 2
135 3
135 4
135 5
135 6
135 9
135 10
135 11
135 12
135 13
135 14
135 15
135 18
135 19
135 20
135 22
135 23
135 24
135 25
135 27
135 28
135 29
135 30
135 31
135 32
135 33
135 34
135 36
135 37
135 38
135 43
135 44
135 47
135 49
135 52
135 57
135 58
135 59
135 60
135 62
135 63
135 64
135 65
135 66
135 67
135 68
135 69
135 70
135 72
135 73
135 78
135 79
135 80
135 81
135 82
135 84
135 86
135 87
135 88
135 89
135 90
135 92
135 93
135 102
135 105
135 111
135 112
135 125
135 126
135 130
135 131
135 132
135 133
135 134
135 135
135 136
135 137
135 138
135 140
135 141
135 142
135 147
135 149
135 165
135 177
135 178
135 179
135 180
135 181
135 182
135 184
135 185
135 187
135 188
135 189
135 192
136 2
136 3
136 4
136 5
136 6
136 9
136 10
136 11
136 12
136 13
136 14
136 15
136 18
136 22
136 23
136 24
136 25
136 27
136 28
136 31
136 32
136 34
136 36
136 37
136 38
136 43
136 44
136 47
136 49
136 58
136 59
136 62
136 63
136 64
136 65
136 66
136 68
136 69
136 72
136 73
136 78
136 79
136 80
136 81
136 82
136 84
136 86
136 87
136 89
136 90
136 93
136 102
136 111
136 112
136 125
136 126
136 132
136 133
136 134
136 135
136 136
136 138
136 140
136 141
136 142
136 177
136 178
136 179
136 181
136 182
136 184
136 185
136 187
136 188
136 189
136 192
137 2
137 3
137 4
137 5
137 6
137 9
137 10
137 11
137 12
137 13
137 14
137 15
137 18
137 19
137 20
137 21
137 22
137 23
137 25
137 27
137 28
137 30
137 31
137 32
137 33
137 34
137 37
137 38
137 44
137 47
137 49
137 51
137 57
137 59
137 60
137 62
137 63
137 64
137 65
137 68
137 69
137 70
137 72
137 73
137 78
137 79
137 80
137 81
137 82
137 84
137 86
137 87
137 90
137 102
137 111
137 112
137 125
137 126
137 129
137 132
137 133
137 134
137 135
137 136
137 137
137 138
137 140
137 141
137 142
137 165
137 177
137 178
137 179
137 180
137 182
137 184
137 185
137 188
137 189
138 2
138 3
138 4
138 5
138 6
138 9
138 10
138 11
138 12
138 13
138 14
138 22
138 23
138 27
138 28
138 30
138 31
138 44
138 49
138 58
138 59
138 60
138 62
138 63
138 64
138 65
138 68
138 69
138 80
138 81
138 84
138 86
138 87
138 90
138 111
138 112
138 125
138 126
138 132
138 134
138 138
138 140
138 141
138 142
138 177
138 178
138 179
138 181
138 184
138 185
138 189
139 2
139 3
139 4
139 5
139 6
139 7
139 8
139 9
139 10
139 11
139 12
139 13
139 14
139 15
139 18
139 19
139 21
139 22
139 23
139 24
139 25
139 27
139 28
139 30
139 31
139 32
139 33
139 34
139 35
139 37
139 39
139 40
139 43
139 44
139 47
139 49
139 51
139 57
139 58
139 59
139 60
139 62
139 63
139 64
139 65
139 66
139 67
139 68
139 69
139 71
139 72
139 78
139 79
139 80
139 81
139 82
139 84
139 86
139 87
139 88
139 89
139 90
139 91
139 92
139 93
139 102
139 103
139 111
139 112
139 115
139 125
139 126
139 127
139 129
139 131
139 132
139 133
139 134
139 135
139 136
139 137
139 138
139 139
139 140
139 141
139 142
139 146
139 147
139 161
139 165
139 166
139 177
139 178
139 179
139 180
139 181
139 182
139 184
139 185
139 187
139 188
139 189
139 190
140 2
140 3
140 4
140 5
140 6
140 7
140 9
140 10
140 11
140 12
140 13
140 14
140 15
140 16
140 18
140 20
140 21
140 22
140 23
140 24
140 25
140 27
140 28
140 30
140 31
140 32
140 33
140 34
140 35
140 36
140 37
140 38
140 39
140 44
140 47
140 49
140 51
140 52
140 57
140 58
140 59
140 60
140 62
140 63
140 64
140 65
140 66
140 68
140 69
140 71
140 72
140 73
140 77
140 78
140 79
140 80
140 81
140 82
140 84
140 85
140 86
140 87
140 88
140 89
140 90
140 91
140 93
140 102
140 103
140 111
140 112
140 115
140 125
140 126
140 127
140 129
140 131
140 132
140 133
140 134
140 135
140 136
140 137
140 138
140 139
140 140
140 141
140 142
140 165
140 176
140 177
140 178
140 179
140 180
140 181
140 182
140 184
140 185
140 187
140 188
140 189
140 190
141 2
141 3
141 4
141 10
141 11
141 12
141 14
141 23
141 27
141 28
141 30
141 31
141 33
141 34
141 49
141 57
141 62
141 65
141 66
141 69
141 84
141 90
141 111
141 132
141 134
141 135
141 136
141 138
141 142
141 178
141 179
141 182
141 187
141 189
142 2
142 23
142 27
142 125
142 133
142 178
142 179
143 2
143 3
143 4
143 11
143 14
143 27
143 31
143 37
143 46
143 57
143 59
143 62
143 63
143 69
143 90
143 111
143 133
143 138
143 184
143 185
143 189
144 2
144 3
144 4
144 6
144 10
144 11
144 12
144 13
144 22
144 23
144 25
144 27
144 28
144 30
144 31
144 32
144 38
144 43
144 47
144 57
144 59
144 60
144 62
144 63
144 64
144 65
144 66
144 69
144 71
144 80
144 81
144 84
144 85
144 86
144 87
144 90
144 93
144 102
144 111
144 112
144 122
144 126
144 127
144 131
144 133
144 134
144 138
144 140
144 141
144 142
144 177
144 178
144 179
144 184
144 185
144 189
144 192
145 2
145 3
145 4
145 5
145 6
145 7
145 8
145 9
145 10
145 11
145 12
145 13
145 14
145 15
145 16
145 17
145 18
145 19
145 20
145 21
145 22
145 23
145 24
145 25
145 26
145 27
145 28
145 29
145 30
145 31
145 32
145 33
145 34
145 35
145 36
145 37
145 38
145 39
145 40
145 43
145 44
145 46
145 49
145 51
145 57
145 58
145 59
145 60
145 61
145 62
145 63
145 64
145 65
145 66
145 67
145 68
145 69
145 70
145 71
145 72
145 73
145 78
145 79
145 80
145 81
145 82
145 83
145 84
145 85
145 86
145 87
145 88
145 89
145 90
145 91
145 92
145 93
145 102
145 103
145 111
145 112
145 115
145 125
145 126
145 127
145 128
145 129
145 130
145 131
145 132
145 133
145 134
145 135
145 136
145 137
145 138
145 139
145 140
145 141
145 142
145 176
145 177
145 178
145 179
145 180
145 181
145 182
145 183
145 184
145 185
145 186
145 187
145 188
145 189
145 190
146 2
146 3
146 4
146 5
146 6
146 7
146 9
146 10
146 11
146 12
146 13
146 14
146 15
146 16
146 18
146 19
146 20
146 22
146 23
146 24
146 25
146 27
146 28
146 30
146 31
146 32
146 33
146 34
146 35
146 37
146 38
146 43
146 47
146 49
146 57
146 59
146 60
146 62
146 63
146 65
146 66
146 67
146 68
146 69
146 72
146 73
146 78
146 79
146 80
146 81
146 82
146 83
146 84
146 86
146 87
146 88
146 89
146 90
146 92
146 93
146 102
146 103
146 111
146 112
146 125
146 126
146 129
146 131
146 132
146 133
146 134
146 135
146 136
146 137
146 138
146 140
146 141
146 142
146 147
146 156
146 165
146 166
146 177
146 178
146 179
146 180
146 182
146 184
146 185
146 187
146 188
146 189
146 190
147 25
147 27
147 69
147 138
148 2
148 3
148 4
148 10
148 11
148 12
148 23
148 27
148 31
148 33
148 44
148 47
148 62
148 63
148 66
148 68
148 80
148 84
148 90
148 102
148 111
148 125
148 134
148 135
148 138
148 140
148 141
148 142
148 177
148 178
148 179
148 184
148 185
148 188
148 189
148 192
149 2
149 11
149 27
149 62
149 111
149 126
149 138
150 2
150 3
150 10
150 11
150 22
150 25
150 27
150 31
150 49
150 57
150 63
150 66
150 69
150 79
150 81
150 84
150 134
150 177
150 179
150 184
150 189
151 2
151 3
151 4
151 6
151 10
151 11
151 12
151 14
151 22
151 23
151 24
151 27
151 31
151 32
151 34
151 52
151 59
151 60
151 62
151 63
151 66
151 68
151 69
151 84
151 88
151 89
151 90
151 111
151 126
151 127
151 132
151 133
151 134
151 138
151 140
151 141
151 142
151 147
151 149
151 166
151 177
151 178
151 180
151 181
151 184
151 185
151 187
151 188
151 189
151 192
152 2
152 3
152 4
152 5
152 6
152 7
152 9
152 10
152 11
152 12
152 13
152 14
152 15
152 19
152 22
152 23
152 24
152 25
152 27
152 31
152 32
152 33
152 37
152 46
152 57
152 58
152 59
152 60
152 62
152 63
152 65
152 66
152 67
152 68
152 69
152 71
152 72
152 78
152 79
152 81
152 82
152 84
152 86
152 87
152 88
152 90
152 111
152 126
152 130
152 132
152 133
152 134
152 136
152 137
152 138
152 140
152 141
152 142
152 177
152 178
152 179
152 182
152 184
152 185
152 187
152 188
152 189
152 192
153 2
153 3
153 5
153 7
153 9
153 10
153 11
153 12
153 13
153 14
153 15
153 18
153 22
153 23
153 25
153 27
153 31
153 32
153 33
153 35
153 37
153 46
153 51
153 60
153 62
153 65
153 66
153 68
153 70
153 72
153 81
153 84
153 87
153 88
153 90
153 111
153 127
153 132
153 133
153 135
153 136
153 137
153 138
153 140
153 141
153 142
153 177
153 178
153 179
153 180
153 181
153 182
153 184
153 185
153 187
153 188
153 189
154 3
154 6
154 8
154 12
154 13
154 20
154 25
154 31
154 34
154 51
154 63
154 69
154 73
154 80
154 85
154 86
154 103
154 112
154 134
154 140
154 142
154 178
154 181
155 2
155 3
155 4
155 5
155 6
155 7
155 8
155 9
155 10
155 11
155 12
155 13
155 14
155 19
155 20
155 21
155 22
155 23
155 25
155 27
155 31
155 32
155 34
155 35
155 44
155 51
155 59
155 60
155 62
155 63
155 65
155 66
155 68
155 69
155 73
155 78
155 80
155 81
155 82
155 83
155 84
155 85
155 86
155 87
155 88
155 89
155 90
155 102
155 103
155 111
155 112
155 125
155 126
155 127
155 132
155 133
155 134
155 135
155 136
155 137
155 138
155 140
155 141
155 142
155 174
155 177
155 178
155 179
155 180
155 181
155 184
155 185
155 187
155 188
155 189
156 31
156 69
156 138
156 184
156 185
157 11
157 31
157 64
157 69
157 81
157 86
157 140
158 31
158 69
158 86
158 185
159 2
159 6
159 9
159 10
159 11
159 12
159 14
159 37
159 38
159 64
159 66
159 69
159 79
159 82
159 84
159 86
159 87
159 125
159 129
159 132
159 133
159 135
159 136
159 140
159 181
159 188
159 189
160 6
160 9
160 11
160 12
160 31
160 51
160 63
160 69
160 73
160 80
160 86
160 140
160 181
160 185
161 3
161 13
161 16
161 27
161 31
161 69
161 142
161 181
162 2
163 31
163 63
164 2
164 3
164 5
164 6
164 7
164 8
164 9
164 10
164 11
164 12
164 13
164 14
164 15
164 16
164 17
164 18
164 19
164 20
164 21
164 22
164 23
164 24
164 25
164 26
164 27
164 30
164 31
164 32
164 33
164 34
164 35
164 36
164 37
164 38
164 39
164 43
164 44
164 46
164 49
164 51
164 57
164 58
164 59
164 60
164 62
164 63
164 64
164 65
164 66
164 67
164 68
164 69
164 70
164 71
164 72
164 78
164 79
164 80
164 81
164 82
164 84
164 85
164 86
164 87
164 88
164 90
164 91
164 92
164 93
164 102
164 103
164 111
164 112
164 115
164 125
164 126
164 127
164 128
164 129
164 131
164 132
164 133
164 134
164 135
164 136
164 137
164 138
164 139
164 140
164 141
164 142
164 177
164 178
164 179
164 180
164 181
164 182
164 184
164 185
164 187
164 188
164 189
165 3
165 6
165 12
165 13
165 20
165 25
165 31
165 51
165 63
165 69
165 80
165 86
165 112
165 140
165 177
165 181
165 185
166 11
166 31
166 63
166 69
166 86
166 185
167 6
167 11
167 12
167 25
167 27
167 31
167 69
167 86
167 140
167 185
168 59
168 69
168 91
169 3
169 11
169 28
169 69
169 80
170 2
170 11
170 12
170 69
170 189
171 8
171 12
171 13
171 189
172 12
172 189
173 2
173 3
173 4
173 5
173 6
173 7
173 8
173 9
173 10
173 11
173 12
173 13
173 14
173 15
173 18
173 19
173 20
173 22
173 23
173 24
173 25
173 26
173 27
173 28
173 31
173 32
173 33
173 34
173 35
173 36
173 37
173 38
173 43
173 44
173 49
173 51
173 57
173 58
173 59
173 60
173 61
173 62
173 63
173 65
173 66
173 67
173 68
173 69
173 71
173 72
173 73
173 78
173 80
173 81
173 82
173 84
173 85
173 86
173 87
173 88
173 89
173 90
173 91
173 92
173 93
173 102
173 103
173 111
173 112
173 125
173 126
173 127
173 128
173 130
173 131
173 132
173 133
173 134
173 135
173 136
173 137
173 138
173 140
173 141
173 142
173 160
173 167
173 170
173 177
173 178
173 179
173 184
173 185
173 186
173 187
173 188
173 189
174 2
174 3
174 4
174 11
174 22
174 23
174 25
174 59
174 68
174 69
174 73
174 82
174 86
174 90
174 138
174 178
174 179
174 184
174 185
174 189
175 3
175 11
175 189
176 11
176 19
176 27
176 65
176 69
176 90
176 138
176 160
176 184
176 189
177 189
178 189
179 2
179 3
179 4
179 11
179 12
179 14
179 15
179 22
179 25
179 31
179 58
179 65
179 69
179 86
179 90
179 140
179 142
179 178
179 184
179 189
180 4
180 11
180 90
180 189
181 2
181 8
182 2
182 3
182 4
182 5
182 11
182 12
182 14
182 19
182 22
182 23
182 27
182 28
182 30
182 31
182 46
182 59
182 62
182 63
182 68
182 81
182 84
182 90
182 102
182 111
182 112
182 132
182 133
182 134
182 138
182 178
182 179
182 182
182 184
182 187
182 189
183 2
183 3
183 4
183 6
183 7
183 11
183 12
183 13
183 14
183 15
183 22
183 23
183 25
183 27
183 31
183 32
183 33
183 51
183 59
183 60
183 62
183 63
183 65
183 69
183 71
183 72
183 78
183 83
183 84
183 86
183 90
183 93
183 111
183 126
183 132
183 133
183 134
183 138
183 140
183 142
183 178
183 184
183 185
183 188
183 189
184 2
184 8
184 19
184 80
184 82
184 189
185 2
185 19
185 69
185 84
185 189
186 22
187 2
187 11
187 12
187 25
187 27
187 69
187 80
187 90
187 140
187 189
188 2
188 177
189 2
189 3
189 4
189 5
189 6
189 7
189 8
189 9
189 10
189 11
189 12
189 13
189 14
189 15
189 16
189 17
189 18
189 19
189 20
189 21
189 22
189 23
189 24
189 25
189 26
189 27
189 28
189 30
189 31
189 32
189 33
189 34
189 35
189 36
189 37
189 38
189 39
189 40
189 43
189 44
189 46
189 47
189 48
189 49
189 51
189 52
189 55
189 57
189 58
189 59
189 60
189 61
189 62
189 63
189 64
189 65
189 66
189 67
189 68
189 69
189 70
189 71
189 72
189 73
189 77
189 78
189 79
189 80
189 81
189 82
189 83
189 84
189 85
189 86
189 87
189 88
189 89
189 90
189 91
189 92
189 93
189 102
189 103
189 111
189 112
189 115
189 117
189 122
189 123
189 125
189 126
189 127
189 129
189 130
189 131
189 132
189 133
189 134
189 135
189 136
189 137
189 138
189 139
189 140
189 141
189 142
189 146
189 147
189 149
189 153
189 157
189 166
189 176
189 177
189 178
189 179
189 180
189 181
189 182
189 184
189 185
189 186
189 187
189 188
189 189
189 190
189 192
190 11
190 25
191 2
191 3
191 4
191 5
191 6
191 7
191 8
191 9
191 10
191 11
191 12
191 13
191 14
191 15
191 16
191 17
191 18
191 19
191 20
191 22
191 23
191 24
191 25
191 26
191 27
191 28
191 29
191 30
191 31
191 32
191 33
191 34
191 35
191 36
191 37
191 38
191 39
191 42
191 43
191 44
191 46
191 49
191 51
191 52
191 54
191 57
191 58
191 59
191 60
191 61
191 62
191 63
191 64
191 65
191 66
191 67
191 68
191 69
191 70
191 71
191 72
191 73
191 75
191 77
191 78
191 79
191 80
191 81
191 82
191 83
191 84
191 85
191 86
191 87
191 88
191 89
191 90
191 91
191 92
191 93
191 95
191 102
191 103
191 107
191 109
191 111
191 112
191 115
191 116
191 122
191 125
191 126
191 127
191 128
191 129
191 130
191 131
191 132
191 133
191 134
191 135
191 136
191 137
191 138
191 139
191 140
191 141
191 142
191 145
191 146
191 152
191 153
191 156
191 157
191 166
191 174
191 176
191 177
191 178
191 179
191 180
191 181
191 182
191 184
191 185
191 186
191 187
191 188
191 189
191 190
192 2
192 6
192 11
192 31
192 63
192 69
192 86
192 112
192 138
192 141
192 184
192 189
193 3
193 6
193 9
193 11
193 12
193 14
193 23
193 63
193 69
193 73
193 80
193 84
193 86
193 112
193 135
193 138
193 141
193 178
193 185
193 189
